36.4496315
42.35938246
47.47716488
51.1732349
53.71306751
55.39745342
56.47065357
57.07665866
57.30958317
57.2428825
56.95069466
55.96379802
54.7273373
53.48067192
52.39535291
51.17901469
50.42657868
50.05858116
50.05890408
50.55831528
51.3676085
52.49658043
53.76589025
54.77188413
55.51018528
55.46706704
54.22919117
51.6455047
47.50393265
41.90805769
35.26927878
27.65951821
21.22804407
17.55949398
16.53227409
15.72626354
15.98854535
16.45232906
14.55712277
11.44261863
11.05052768
11.21627608
9.812268261
8.94926763
8.741963769
7.681420746
7.412088858
6.859311227
6.437725386
6.164456914
5.823791837
5.502608271
5.19956085
4.92396586
4.680935579
4.457775905
4.256034049
4.061558837
3.891993347
3.762671744
3.67739601
3.609742928
3.549949355
3.534489438
3.534059525
3.562986517
3.606054703
3.671928828
3.743771096
3.836915643
3.921075031
4.010853424
4.136936769
4.308180021
4.546803989
4.84205475
5.151623502
5.467177797
5.803321192
6.160235452
6.624716732
7.282390999
8.180050481
9.310347365
10.66368604
12.31384437
14.25888988
16.43431164
18.94144271
21.72184709
24.77203784
28.00539274
