253.423163
179.2082641
146.3326559
126.7363715
113.3641814
103.4939426
95.82333782
89.6406744
84.51984111
80.18806998
76.4615792
70.34409434
65.49579518
61.53105014
58.21055375
54.10741764
50.76773128
47.98089565
44.89436543
41.76526701
39.21396378
36.696432
34.29824997
32.31961912
30.22047009
28.31299783
26.44504155
24.79246347
23.22875883
21.7763089
20.44268758
19.12201017
17.94870833
16.83293136
15.79378681
14.81534235
13.89128988
13.05121293
12.2533197
11.51205001
10.82456436
10.18869075
9.596795523
9.045237152
8.532387496
8.057435387
7.619711317
7.214478962
6.842821567
6.502149665
6.189017946
5.904478418
5.646676315
5.413634009
5.205354086
5.021035347
4.859496731
4.720447262
4.60341977
4.507719218
4.433455723
4.380278683
4.348213997
4.337369018
4.34796208
4.380378176
4.435092619
4.512843243
4.614468214
4.7410822
4.893985362
5.074880332
5.285632893
5.528575548
5.806421102
6.12245457
6.480439406
6.884769903
7.340737927
7.85439912
8.432762017
9.084084062
9.817858078
10.64517609
11.57878925
12.63339011
13.82599461
15.1761043
16.7062554
18.4421405
20.41339078
22.65383019
