0.00512588356
0.003624614353
0.002959542429
0.00256308907
0.00229254171
0.002092836104
0.001937628241
0.001812521415
0.001708895792
0.001621233466
0.001545816617
0.001422002079
0.001323865863
0.00124360646
0.001176382503
0.001093304444
0.001025675054
0.0009692333979
0.0009067124202
0.0008433168237
0.000791616311
0.0007405884959
0.0006919669831
0.0006518404998
0.0006092570522
0.0005705485977
0.0005326276963
0.0004990655453
0.0004672950267
0.0004377720844
0.0004106527297
0.0003837850536
0.0003599061447
0.0003371907933
0.0003160313473
0.0002961076958
0.0002772968227
0.0002602072362
0.0002439965034
0.0002289680677
0.0002150755121
0.000202287804
0.0001904670735
0.0001795604454
0.0001695596376
0.0001604762238
0.0001523272134
0.0001450593919
0.0001387305721
0.0001333351978
0.0001288643264
0.000125378315
0.0001228928688
0.0001214290304
0.0001210211621
0.0001216883146
0.0001234504191
0.0001263209298
0.0001303103672
0.0001354493356
0.0001417417626
0.00014923274
0.0001579656889
0.0001680003146
0.0001794198663
0.0001923374325
0.0002068705215
0.0002231966345
0.0002415026603
0.0002620269414
0.0002850401885
0.000310879294
0.0003399120034
0.0003725816073
0.000409394498
0.0004509465072
0.000497911164
0.0005510605083
0.0006113007461
0.0006796554554
0.0007572909789
0.0008455566534
0.0009459838257
0.001060336079
0.001190618546
0.001339117829
0.00150845693
0.001701619862
0.001922031753
0.002173578519
0.002460722136
0.002788540476
