0.0005726638713
0.000852273409
0.001092042074
0.001244475996
0.001318098104
0.001330429355
0.001305388492
0.001270638067
0.001244942295
0.001231191957
0.001223360105
0.001204467395
0.001179875696
0.001154911069
0.001114216619
0.001039441399
0.0009854086148
0.0009454315812
0.000897600187
0.0008381711145
0.0007965101463
0.0007449773218
0.0007005941515
0.0006584136916
0.0006177651072
0.0005824939865
0.0005475989572
0.000516344845
0.0004858560664
0.0004576779032
0.0004301390947
0.0004018556892
0.0003768891191
0.0003534301903
0.0003312625078
0.000309910274
0.0002902988773
0.0002728040901
0.0002565193605
0.0002408793553
0.0002266199473
0.0002137899381
0.0002019184227
0.0001904621932
0.0001798996359
0.000170618107
0.0001620037453
0.0001540662115
0.0001472221171
0.0001419083711
0.0001370871461
0.0001333182706
0.0001301975707
0.0001275157546
0.0001250245146
0.0001236664876
0.0001234983287
0.0001245551536
0.0001267968576
0.0001304784672
0.0001356225586
0.0001418170389
0.0001488756403
0.0001575185295
0.0001676592575
0.0001796340427
0.0001940426819
0.000211214385
0.0002314257004
0.0002555221387
0.0002837004714
0.0003159882669
0.000352536147
0.0003930413446
0.0004367922964
0.0004836354757
0.0005360166547
0.0005932338404
0.0006558955811
0.0007226792597
0.0007939349823
0.0008688216487
0.0009508426473
0.001043229957
0.001151016817
0.00128243196
0.001440865005
0.001631418232
0.001866790021
0.002141045492
0.002437436363
0.002721228024
