37.59408848
43.46647932
48.27801563
51.53385275
53.70581442
55.13690145
56.04739461
56.57336987
56.79849591
56.76749191
56.53501323
55.71926506
54.68512568
53.64576193
52.75606809
51.82626875
51.37584698
51.31153211
51.69447121
52.60797574
53.75981864
55.15798741
56.57954259
57.60585294
58.2259037
57.93953296
56.305364
53.22347718
48.50805891
42.41929381
35.39669619
27.48608712
20.95859068
17.56496741
16.7835963
15.92123801
16.14363373
16.56569419
14.61555732
11.40079781
11.03338468
11.13915002
9.65504059
8.853527869
8.713781041
7.71773245
7.479924064
6.978460777
6.615412937
6.367894661
6.066242232
5.782732488
5.512749415
5.238055602
5.033779909
4.839218407
4.646873031
4.453530931
4.31468808
4.196267879
4.094715
4.027205695
3.992093571
3.958335887
3.927841171
3.889420747
3.860019664
3.842917064
3.838511524
3.867007302
3.910570281
3.964377715
4.050555806
4.166583134
4.336517956
4.601378269
4.939309452
5.275287361
5.633648451
6.007332412
6.363324163
6.756106143
7.23329224
7.857094545
8.629855881
9.522624732
10.42670407
11.34493466
12.15423812
12.6327321
12.79434237
13.5561325
