0.006267000406
0.003919414573
0.003053522968
0.002582170052
0.002278105169
0.00206224901
0.001899298814
0.001770912562
0.00166652657
0.001579584691
0.001505780091
0.001386600251
0.001293907569
0.001219288894
0.001157638314
0.001082563648
0.001022411014
0.0009729150384
0.0009188948422
0.0008650631418
0.0008219382098
0.0007801331534
0.0007410796363
0.0007094879986
0.0006766665246
0.000647532951
0.0006197162601
0.0005957629394
0.0005737281296
0.0005538678102
0.0005361982501
0.0005192850503
0.0005047910378
0.0004915109218
0.0004796181564
0.0004688691185
0.0004591439578
0.0004506836591
0.0004430026229
0.0004361912928
0.0004301659568
0.0004248526662
0.0004201387578
0.0004159532507
0.0004122452131
0.0004089722386
0.0004060949848
0.0004035513965
0.0004013203097
0.0003993602463
0.0003976291343
0.0003961127252
0.0003947827148
0.0003936128829
0.0003925889973
0.0003916943712
0.0003909121109
0.0003902310564
0.0003896405058
0.0003891296853
0.0003886931004
0.0003883238016
0.0003880179028
0.0003877731156
0.0003875889393
0.0003874670526
0.00038741189
0.0003874307888
0.0003875350017
0.0003877405539
0.0003880694056
0.000388551451
0.000389225982
0.0003901449925
0.0003913762251
0.0003930080433
0.0003951540566
0.0003979598102
0.0004016119312
0.0004063457109
0.0004124554735
0.0004203071392
0.0004303474097
0.0004431159486
0.0004592511852
0.0004794950149
0.000504695615
0.0005358021541
0.000573865383
0.000620028855
0.0006755396585
0.0007417515975
