0.005193476606
0.01038695321
0.01558042982
0.02077390643
0.02596738303
0.03116085964
0.03635433624
0.04154781285
0.04674128946
0.05193476606
0.05712824267
0.06751519588
0.0779021491
0.08828910231
0.09867605552
0.1142564853
0.1298369152
0.145417345
0.1661912514
0.1921586344
0.2181260175
0.2492868771
0.2856412134
0.3219955496
0.3687368391
0.4206716051
0.4829933244
0.5505085203
0.6284106694
0.7166997717
0.8153758272
0.9348257891
1.064662704
1.215273526
1.386658254
1.584010365
1.812523336
2.067003689
2.363031856
2.700607835
3.084925104
3.521177139
4.019750893
4.59103332
5.245411372
5.993272004
6.845002167
7.821375769
8.932779763
10.19998805
11.6541615
13.31088054
15.20130603
17.36698577
19.83908064
22.65913843
25.88428741
29.56646232
33.76798489
38.57714423
44.06145553
50.32998179
57.49178603
65.67151169
75.0145761
85.69236401
97.8814536
111.8103579
127.7179767
145.8899513
166.6430839
190.3564981
217.4404786
248.3780187
283.7144335
324.0833272
370.196206
422.8632522
483.0296787
551.7601481
630.2647405
719.9405011
822.3714402
939.3804681
1073.039782
1225.712414
1400.109358
1599.315541
1826.872911
2086.801222
2383.717473
2722.877463
