0.0006356287821
0.0009821285137
0.00125700739
0.001420991901
0.001496892781
0.001514879825
0.001500914638
0.00147669031
0.001455698442
0.001440870002
0.001429267431
0.001403740594
0.001370472659
0.001335898453
0.001293854792
0.001218818862
0.00115833478
0.001108291577
0.001053388246
0.0009887421995
0.0009443040565
0.0008948664958
0.0008548181221
0.0008207748548
0.0007906243777
0.0007682810686
0.0007492722997
0.0007369592153
0.0007300812
0.0007281718969
0.0007304271071
0.0007366258513
0.0007449556783
0.0007541529289
0.0007627739958
0.0007691814727
0.0007722332541
0.0007698754023
0.0007613694549
0.0007467853364
0.00072620767
0.0007003812916
0.000671095957
0.0006403559766
0.0006090071688
0.0005783145585
0.0005503130605
0.0005231167323
0.0004978774101
0.0004754423903
0.000454169699
0.0004325340425
0.0004129772795
0.0003951613873
0.0003757216788
0.0003571603164
0.000340871642
0.0003238005609
0.0003052272473
0.0002882551083
0.0002738070084
0.0002603212145
0.0002499507127
0.0002435570651
0.0002382973388
0.0002338240162
0.0002296274072
0.000223216456
0.0002166519963
0.0002115183747
0.0002054574265
0.0001970096026
0.0001892554545
0.0001812072312
0.0001728553872
0.000161875116
0.000150966416
0.0001431424581
0.0001405005337
0.0001407852674
0.0001479607435
0.000154389996
0.0001595526203
0.0001592151163
0.000161477392
0.0001660990054
0.0001765960169
0.0001890439184
0.0002009911277
0.0001935463814
0.0001750521455
0.0001497099208
