0.004757774942
0.003364304312
0.002746985906
0.00237899773
0.002127875012
0.001942507471
0.001798442742
0.001682317866
0.001586131945
0.001504763272
0.001434760972
0.001319835926
0.001228745976
0.001154249737
0.001091853425
0.001014742558
0.0009519719659
0.0008995865837
0.0008415607077
0.0007827261176
0.0007347485061
0.0006873993792
0.0006422886878
0.0006050654722
0.0005655712563
0.0005296812274
0.0004945349845
0.0004634444469
0.000434033042
0.0004067261273
0.0003816706834
0.0003568852888
0.0003349009441
0.0003140416709
0.000294677125
0.0002765249232
0.0002594880913
0.000244129903
0.0002297090115
0.000216519286
0.0002045415122
0.0001937718121
0.0001841213212
0.0001755812826
0.0001681831883
0.0001619727525
0.0001569929953
0.0001532424439
0.0001507761805
0.0001496040417
0.0001497424049
0.0001512033113
0.0001539832311
0.0001580914522
0.0001635083096
0.0001702193564
0.0001782389803
0.0001875612325
0.0001981977789
0.0002102177955
0.0002236295271
0.0002385344126
0.000255021211
0.0002732028969
0.0002932255635
0.0003152756547
0.0003395352435
0.0003662746967
0.0003957664841
0.00042835415
0.0004644205739
0.0005044407641
0.0005489262709
0.0005984944412
0.0006538486662
0.0007158179381
0.0007853389709
0.0008634873904
0.0009515298072
0.001050898679
0.001163229434
0.001290418312
0.001434620295
0.001598320807
0.001784348296
0.001995930691
0.002236772926
0.002511091128
0.002823725664
0.003180168276
0.00358672482
0.004050570959
