273.0451505
193.0728806
157.6440738
136.5244182
122.1117353
111.4727889
103.2042464
96.53919959
91.01847141
86.34812294
82.33010531
75.73342033
70.50466654
66.22825117
62.64626925
58.21931469
54.61536778
51.6074392
48.27529979
44.8962391
42.14024842
39.4197883
36.82722786
34.68726888
32.41581671
30.35053011
28.32662222
26.53465597
24.83756087
23.25962083
21.8091344
20.37083671
19.09111716
17.87209048
16.73459842
15.66119654
14.64490341
13.71833042
12.83544168
12.01217733
11.24545645
10.53295797
9.866217591
9.241184916
8.656073417
8.110055735
7.602522539
7.128151939
6.688421066
6.280555379
5.900708345
5.550501517
5.228109934
4.931549227
4.661394045
4.417298318
4.198459587
4.005313644
3.838112109
3.696760846
3.582289202
3.494929364
3.43528302
3.403810401
3.400796417
3.42637643
3.480451643
3.562856431
3.673244045
3.811311931
3.97675255
4.169522261
4.389601446
4.637319104
4.913240014
5.218321431
5.553771
5.921142412
6.322510169
6.760273267
7.237256812
7.756882746
8.323078383
8.940487293
9.614435938
10.35107394
11.15757328
12.04217095
13.01447159
14.08546685
15.26797458
16.57673899
