333.3503464
235.7194027
192.4690287
166.6875147
149.0938821
136.1071826
126.0142164
117.8787424
111.1402008
105.4397556
100.535633
92.48443376
86.1030757
80.88422378
76.51304351
71.11102508
66.71358557
63.04364025
58.97844596
54.85642138
51.49483926
48.17699951
45.01559861
42.40650926
39.63758335
37.12049647
34.65442547
32.47155436
30.40486421
28.483925
26.71880451
24.96926767
23.41337808
21.93206968
20.55066731
19.24796982
18.01550463
16.89276628
15.8239188
14.82823148
13.90190444
13.04204146
12.23832705
11.48577187
10.78209462
10.12613516
9.51695483
8.947919622
8.42050572
7.931031415
7.47445366
7.052213005
6.66151775
6.299248063
5.965266977
5.658202278
5.375947245
5.117817003
4.882799675
4.669247972
4.47712665
4.305232909
4.153082979
4.020268979
3.906458576
3.811445889
3.735348191
3.678282004
3.640705418
3.623260584
3.626870375
3.652762182
3.702485438
3.777968146
3.881538998
4.016015023
4.184686464
4.391387044
4.640649065
4.937653343
5.288334621
5.699572667
6.179202328
6.736261347
7.381050413
8.125340021
8.982658882
9.968432235
11.10040171
12.39873793
13.88664375
15.59057024
