0.000472598906
0.000634021052
0.0007971525095
0.0009152690695
0.0009935283531
0.001042098872
0.00107068314
0.001088089681
0.001099059443
0.001104160082
0.001103317779
0.001087768881
0.001061305098
0.001028868305
0.0009920238189
0.0009376700695
0.0008910574905
0.0008500484304
0.0008008702004
0.0007472665966
0.0007032148
0.0006580246686
0.0006167078451
0.0005824690482
0.0005466405062
0.0005145522375
0.0004830371074
0.0004542510179
0.0004261230755
0.0004010783697
0.0003785406914
0.0003558406562
0.0003351930195
0.0003155602978
0.0002968327932
0.0002796694043
0.000262937229
0.0002481600359
0.0002349055658
0.0002229381511
0.0002123088363
0.0002028657623
0.0001940355945
0.0001852675601
0.0001771779707
0.0001694327235
0.0001624037079
0.0001562709361
0.0001517055661
0.0001483457586
0.00014636367
0.0001461912387
0.0001479390087
0.0001509092572
0.0001549950122
0.0001603144048
0.0001670144566
0.0001752723293
0.0001857802322
0.0001987788642
0.0002142695851
0.0002320290814
0.0002520917914
0.0002746268025
0.0002993858629
0.0003262073904
0.0003559823508
0.000388867793
0.0004243821374
0.000462625077
0.0005034836515
0.0005478402801
0.0005954631523
0.0006459139896
0.0006993927083
0.0007535553591
0.0008072036745
0.0008616401904
0.0009189226703
0.0009826475225
0.001059936262
0.001162627991
0.001300565248
0.001473032711
0.001680242214
0.001926900364
0.002221647008
0.002576853253
0.002993739854
0.003469626021
0.003969609706
0.004417422946
