42.92745058
47.22643686
49.75727291
50.64825159
50.70286433
50.55129396
50.77344575
51.52855111
52.79964499
54.40759469
56.20510061
60.16018755
64.28761894
68.49047058
72.80249233
79.39990025
86.00312253
92.40386474
100.5124411
109.6309037
117.4850561
125.0880385
131.5030508
135.4175011
137.2502667
135.7808337
130.2478038
120.9635068
107.8620934
91.96694355
74.17232443
53.71757539
35.95345543
27.26256085
26.47865673
23.75511501
26.08214676
29.51150129
24.8042987
13.6441887
14.35296368
16.70779165
12.36840732
10.48740197
11.56220934
8.281565073
8.452006902
7.103939994
6.230279808
6.037778509
5.400323735
4.917152684
4.459892127
3.97830061
3.829206557
3.611491558
3.420223837
3.123143244
3.051088439
2.90983665
2.829884016
2.739882807
2.665882465
2.651536396
2.644038342
2.669181496
2.729746431
2.839603775
2.990597453
3.193994149
3.43095866
3.662586409
3.884404541
4.137440514
4.414532919
4.731417685
5.116908169
5.550010789
5.986939891
6.385781873
6.743224269
7.035495179
7.244505288
7.363846006
7.388254789
7.482418612
7.686170067
8.180023323
8.96842545
9.972586085
11.07011288
12.21156275
